1433689218 1433695889
1433697776 1433720847
1433722650 1433722691
1433732482 1433732537
1433741276 1433742790
1433745231 1433746029
1433750636 1433751148
1433751155 1433757893
1433759694 1433765608
1433767131 1433775889
1433778987 1433794879
1433796109 1433807918
1433807925 1433808415
1433843589 1433845184
1433847501 1433866235
1433867563 1433875149
1433881355 1433893241
1433897234 1433901185
1433905415 1433909036
1433912008 1433919597
1433921297 1433929849
1433932179 1433933333
1433935417 1433937555
1433941029 1433944835
1433946583 1433967123
1433968466 1433971924
1433973276 1433980722
1433982519 1433997268
1433997275 1434002658
1434002665 1434007418
1434007425 1434020023
1434021960 1434022382
1434023830 1434030108
1434031733 1434046535
1434047939 1434068352
1434192825 1434212989
1434215754 1434231904
1434233267 1434240529
1434365520 1434374019
1434377400 1434387620
1434391303 1434396163
1434396170 1434413514
1434450573 1434469733
1434522171 1434550645
1434605479 1434605747
1434610455 1434611143
1434612660 1434615507
1434619376 1434626129
1434627527 1434627857
1435052943 1435053708
1435053715 1435054732
1435056521 1435096680
1435098529 1435101268
1435104809 1435112357
1435115055 1435126346
1435128309 1435133379
1435135007 1435136110
1435145891 1435152396
1435152403 1435152726
1435154127 1435186510
1435189916 1435190419
1435190427 1435194135
1435198684 1435200166
1435201793 1435216655
1435219949 1435237080
1435238579 1435244635
1435245654 1435252850
1435254119 1435277198
1435396580 1435398434
1435401057 1435407291
1435409071 1435409814
1435410808 1435411221
1435413123 1435430115
1435431690 1435433866
1435436450 1435449267
1435449275 1435450424
1435452054 1435469353
1435480778 1435483103
1435484152 1435485754
1435487457 1435498523
1435502176 1435503098
1435506272 1435506873
1435510395 1435513164
1435515452 1435519718
1435521549 1435528681
1435529766 1435536014
1435537391 1435552668
1435567353 1435571729
1435573165 1435608149
1435609537 1435618192
1435660243 1435681853
1435681860 1435687464
1435690018 1435690226
1435691902 1435700102
1435703524 1435721634
1435725916 1435731553
1435731560 1435742675
1435744108 1435767848
1435767855 1435781249
1435784498 1435796023
1435796030 1435808912
1435810612 1435811177
1435813081 1435813628
1435817652 1435848617
1435852598 1435868436
1435870684 1435874071
1435876518 1435877730
1435879464 1435892889
1435895205 1435898573
1435898580 1435903053
1435903060 1435928834
1435936783 1435956115
1435957739 1435972349
1435973929 1435975594
1435977584 1435994333
1435994340 1436031167
1436032924 1436054994
1436060967 1436063118
1436064352 1436078488
1436080333 1436099651
1436103497 1436106118
1436107415 1436111733
1436114639 1436180017
1436183223 1436189050
1436191138 1436206378
1436209610 1436212908
1436213962 1436224013
1436333921 1436387957
1436389588 1436391489
1436393241 1436411102
1436411109 1436438934
1436444556 1436452147
1436453876 1436487288
1436487296 1436490192
1436492106 1436503096
1436506969 1436507889
1436519780 1436520050
1436525656 1436525928
1436537684 1436538988
1436542101 1436543695
1436544861 1436547512
1436592543 1436594390
1436596439 1436619048
1436619055 1436620506
1436622866 1436626096
1436627521 1436635304
1436641045 1436670587
1436675869 1436675925
1436679132 1436705413
1436707043 1436733981
1436752557 1436752622
1436769346 1436772529
1436774935 1436776659
1436781748 1436805447
1436807509 1436813181
1436818231 1436828426
1436869802 1436883298
1436883305 1436925350
1436927695 1436941573
1436941580 1436950752
1436952335 1436953901
1436957151 1436960923
1436965787 1436973247
1436974930 1436977262
1436983726 1436988277
1436988285 1436998450
1437000972 1437004398
1437004405 1437016578
1437016585 1437016742
1437018259 1437025844
1437096122 1437096534
1437097848 1437104253
1437104260 1437109672
1437112731 1437117661
1437120621 1437121438
1437121445 1437123147
1437126263 1437127393
1437198620 1437199453
1437199619 1437208293
1437226803 1437227352
1437294420 1437295167
1437298484 1437303656
1437306123 1437310240
1437312088 1437315824
1437318897 1437335008
1437335015 1437336421
1437343986 1437347258
1437347265 1437350485
1437374512 1437382039
1437384975 1437398716
1437404560 1437408766
1437410213 1437411133
1437413769 1437420706
1437423079 1437429304
1437429311 1437432182
1437468571 1437472143
1437473589 1437477648
1437490965 1437491920
1437493029 1437493176
1437494436 1437500921
1437502044 1437505117
1437506637 1437508697
1437510469 1437514976
1437517819 1437543593
1437548364 1437554363
1437556887 1437563459
1437566157 1437575575
1437575582 1437582779
1437591082 1437591865
1437595098 1437606990
1437609205 1437632597
1437634784 1437671150
1437672899 1437674824
1437680526 1437682920
1437685062 1437691687
1437694094 1437695883
1437698089 1437707560
1437713607 1437729178
1437729185 1437735377
1437740261 1437745866
1437747115 1437755638
1437755645 1437760472
1438585260 1438585908
1438585915 1438588164
1438592361 1438598438
1438598445 1438619798
1438626432 1438647259
1438679065 1438684262
1438685836 1438705888
1438705895 1438726641
1438730597 1438750811
1438752887 1438768441
1438771373 1438783755
1438791097 1438799898
1438799905 1438807741
1438813700 1438814913
1438817008 1438824540
1438827033 1438828166
1438832619 1438833805
1438835360 1438837373
1438843934 1438844698
1438848542 1438854114
1438856584 1438877906
1438879379 1438881120
1438887461 1438896953
1438896960 1438906572
1438909388 1438918345
1439013726 1439022738
1439031090 1439102655
1439106541 1439118406
1439119852 1439119876
1439127068 1439142755
1439142763 1439147689
1439150443 1439165775
1439166992 1439167723
1439167727 1439168419
1439182432 1439216329
1439217302 1439224345
1439230989 1439265734
1439268233 1439288232
1439291198 1439292576
1439293499 1439301546
1447062499 1447079173
1447081103 1447085423
1447085481 1447099188
1447102948 1447114214
1447145082 1447151297
1447153792 1447155787
1447159642 1447164659
1447165841 1447173221
1447174269 1447184336
1447187119 1447247038
1447249699 1447265304
1447269936 1447271100
1447275094 1447278539
1447280665 1447291024
1447292967 1447329927
1447331386 1447341297
1447342543 1447367330
1447368658 1447371948
1447372982 1447375651
1447377268 1447391300
1447393013 1447393094
1447398066 1447428056
1447437359 1447441700
1447451905 1447452454
1447457298 1447458143
1447461891 1447463370
1447475634 1447476880
1447479482 1447480340
1447485210 1447489405
1447491143 1447500581
1447502203 1447502261
1447508248 1447508979
1447511686 1447511728
1447514469 1447514658
