1368975618 1368979118
1368981914 1369000097
1369001176 1369011002
1369014213 1369014780
1369018547 1369020402
1369030060 1369030457
1369031214 1369031434
1369032056 1369032189
1369032791 1369032823
1369033713 1369034431
1369034979 1369035006
1369035688 1369037647
1369038218 1369038310
1369038905 1369038934
1369039532 1369039807
1369040338 1369040498
1369041944 1369042414
1369043879 1369044104
1369045341 1369058036
1369061308 1369079624
1369079631 1369083448
1369084578 1369102053
1369108392 1369112619
1369113124 1369125093
1369125100 1369130668
1369139231 1369158118
1369160584 1369182750
1369183674 1369205527
1369217759 1369231065
1369232206 1369262902
1369262910 1369276861
1369278065 1369282427
1369282434 1369283212
1369283219 1369283387
1369283394 1369283612
1369283619 1369283912
1369283919 1369284107
1369284114 1369284342
1369284349 1369284692
1369284699 1369284732
1369284739 1369284902
1369284909 1369285082
1369285089 1369285112
1369285119 1369285436
1369291863 1369369247
1369377816 1369433405
1369433413 1369436537
1369461272 1369461397
1369461404 1369461520
1369462617 1369462632
1369462639 1369462737
1369462744 1369462772
1369462779 1369462997
1369463004 1369463222
1369463229 1369463322
1369463329 1369463402
1369463409 1369470422
1369470430 1369471795
1369474169 1369497278
1369497285 1369508844
1369509840 1369517101
1369517108 1369536350
1369539901 1369546557
1369546569 1369546797
1369546804 1369546972
1369546979 1369547017
1369550661 1369551888
1369551896 1369553826
1369553834 1369568030
1369572276 1369577616
1369582280 1369606470
1369606477 1369630132
1369630139 1369630482
1369630489 1369630742
1369630749 1369630917
1369630924 1369631077
1369631084 1369631302
1369631309 1369631722
1369631729 1369631777
1369631784 1369632116
1369637659 1369677352
1369678238 1369694966
1369695676 1369715912
1369715919 1369715962
1369715969 1369716177
1369716184 1369716281
1369721583 1369728446
1369729014 1369755826
1369755834 1369802857
1369802864 1369802902
1369802909 1369803032
1369803039 1369803217
1369803224 1369803392
1369803399 1369803497
1369803504 1369803508
1369808693 1369813260
1369814465 1369814805
1369818767 1369823875
1369824802 1369846654
1369847575 1369861997
1369862941 1369879172
1369880577 1369889692
1369889699 1369889847
1369889859 1369889867
1369889874 1369889947
1369889954 1369890007
1369890014 1369890167
1369890174 1369890297
1369890304 1369890357
1369890364 1369890367
1369890374 1369890532
1369890539 1369890567
1369890574 1369890622
1369890629 1369890787
1369890794 1369890832
1369890839 1369890882
1369890889 1369890917
1369890924 1369890937
1369890944 1369891067
1369894388 1369912915
1369914153 1369933556
1369933563 1369937943
1369938633 1369972932
1369983665 1369998256
1369999421 1370021241
1370021838 1370041309
1370069080 1370078296
1370079246 1370110957
1370110964 1370126999
1370128482 1370147542
1370147549 1370148067
1370148074 1370148402
1370148409 1370148417
1370148424 1370148487
1370148494 1370148572
1370148579 1370148667
1370148674 1370148702
1370148709 1370148872
1370148879 1370149012
1370149019 1370149073
1370152418 1370168596
1370169173 1370180559
1370180567 1370183886
1370183893 1370233117
1370233124 1370233257
1370233264 1370233852
1370233859 1370234122
1370234129 1370234262
1370234269 1370234397
1370234404 1370234727
1370234734 1370234937
1370234944 1370235169
1370239902 1370263833
1370264309 1370292318
1370295580 1370317032
1370317039 1370317317
1370317324 1370317682
1370317689 1370317817
1370317824 1370318217
1370318224 1370318252
1370318259 1370318447
1370318454 1370318502
1370318509 1370318762
1370318769 1370318802
1370318809 1370318867
1370318874 1370318972
1370318979 1370319292
1370321966 1370346385
1370346984 1370353739
1370354816 1370365430
1370365438 1370380956
1370381560 1370382859
1370383730 1370406877
1370406884 1370406927
1370406934 1370407492
1370407499 1370407627
1370407634 1370407667
1370407674 1370407767
1370407779 1370407857
1370407864 1370407907
1370407914 1370408068
1370411291 1370414339
1370414346 1370425722
1370428074 1370448162
1370448704 1370449359
1370450915 1370460326
1370460334 1370487998
1370490156 1370492537
1370492544 1370492572
1370492584 1370492607
1370492614 1370492737
1370492744 1370492769
1370498003 1370499834
1370500463 1370512607
1370517759 1370525656
1370526417 1370527221
1370529042 1370543867
1370543875 1370568696
1370571650 1370578287
1370578294 1370578322
1370578329 1370578447
1370578454 1370578462
1370578469 1370578552
1370578559 1370578580
1370582130 1370582157
1370582164 1370582277
1370582284 1370582312
1370582319 1370644380
1370645545 1370646037
1370672555 1370695955
1370698437 1370745253
1370745260 1370749252
1370749259 1370749287
1370749294 1370749337
1370749344 1370749372
1370749379 1370749407
1370749414 1370749427
1370749434 1370749442
1370749449 1370749477
1370749484 1370749722
1370749729 1370749825
1370753254 1370772144
1370778219 1370790497
1370791866 1370796829
1370796837 1370831127
1370835329 1370839237
1370839244 1370839272
1370839279 1370839352
1370839359 1370839387
1370839394 1370839412
1370839419 1370839447
1370839454 1370839462
1370839469 1370839512
1370839519 1370839552
1370839559 1370839602
1370839609 1370839632
1370839639 1370839665
1370844080 1370849559
1370850225 1370884566
1370885436 1370888280
1370899705 1370906934
1370906941 1370923952
1370923959 1370923987
1370923994 1370924122
1370924129 1370924157
1370924164 1370924212
1370924219 1370924247
1370924254 1370924317
1370924324 1370924369
1370928898 1370939656
1370944938 1370949941
1370952596 1370952934
1370953474 1370953523
1370955008 1370978588
1370986647 1370996892
1371000075 1371013268
1371015192 1371015227
1371015239 1371015407
1371015414 1371015527
1371015534 1371015542
1371015549 1371015577
1371015584 1371015612
1371015619 1371015827
1371015834 1371016142
1371016149 1371016177
1371016184 1371016212
1371016219 1371016337
1371016344 1371016552
1371016559 1371016792
1371016799 1371016802
1371016809 1371016862
1371016869 1371016897
1371016904 1371016942
1371016949 1371016972
1371016979 1371017217
1371017224 1371017317
1371017324 1371017352
1371017359 1371032490
1371035886 1371037163
1371042725 1371044580
1371045265 1371063948
1371067808 1371097722
1371097729 1371097832
1371097839 1371097902
1371097909 1371097937
1371097944 1371097972
1371097979 1371098387
1371098394 1371098427
1371098434 1371098457
1371098464 1371098487
1371098499 1371098527
1371098534 1371098702
1371098709 1371098737
1371098744 1371098877
1371098884 1371098982
1371098989 1371099052
1371099064 1371099069
1371099077 1371099087
1371099094 1371099122
1371099129 1371099332
1371099344 1371099407
1371099414 1371099432
1371099439 1371099477
1371099484 1371099507
1371099514 1371099542
1371099549 1371099612
1371099619 1371099717
1371099724 1371099757
1371099764 1371099862
1371099869 1371099892
1371099899 1371099962
1371099969 1371100032
1371100039 1371100107
1371100114 1371100142
1371100149 1371100177
1371100184 1371100207
1371100214 1371100252
1371100259 1371100272
1371100279 1371100312
1371100319 1371100352
1371100364 1371100382
1371100399 1371100452
1371100459 1371100522
1371100529 1371100552
1371100564 1371100632
1371100639 1371100702
1371100709 1371100732
1371100739 1371100802
1371100809 1371100842
1371100849 1371100877
1371100884 1371100942
1371100949 1371101067
1371101074 1371101122
1371101129 1371101187
1371101194 1371101222
1371101229 1371101362
1371101369 1371119613
1371129345 1371136503
1371140882 1371141866
1371145183 1371156938
1371164008 1371175429
1371177756 1371184357
1371184364 1371184457
1371184464 1371184557
1371184569 1371184632
1371184639 1371184722
1371184729 1371185002
1371185009 1371185077
1371185084 1371185212
1371185219 1371185402
1371185409 1371185472
1371185479 1371185737
1371185744 1371185798
1371187521 1371187682
1371187689 1371187822
1371187829 1371188022
1371188029 1371188097
1371188104 1371188132
1371188139 1371188162
1371188169 1371188197
1371188204 1371188232
1371188239 1371188267
1371188274 1371209557
1371221849 1371232565
1371233317 1371243332
1371243339 1371250840
1371269717 1371274092
1371274099 1371274152
1371274159 1371274222
1371274229 1371274257
1371274269 1371274477
1371274484 1371274547
1371274554 1371274617
1371274624 1371274652
1371274659 1371274722
1371274729 1371274897
1371274904 1371274917
1371274924 1371274967
1371274974 1371275002
1371275009 1371275072
1371275079 1371275142
1371275149 1371275277
1371275284 1371275297
1371275304 1371275352
1371275359 1371275387
1371275394 1371275417
1371275424 1371275557
1371275564 1371275632
1371275639 1371275667
1371275674 1371275697
1371275704 1371275737
1371275744 1371275912
1371275919 1371275982
1371275989 1371276012
1371276019 1371276052
1371276059 1371276187
1371276194 1371276327
1371276334 1371276562
1371276569 1371276807
1371276814 1371276877
1371276884 1371276977
1371276984 1371277367
1371277374 1371277472
1371277479 1371277502
1371277509 1371277557
1371277564 1371277577
1371277584 1371277592
1371277599 1371277627
1371277634 1371277662
1371277669 1371277837
1371277844 1371277937
1371277944 1371277977
1371277984 1371287335
1371289414 1371294661
1371296488 1371331109
1371331143 1371337218
